Problem Statement : 3 Jugs - 8lt, 5lt, 3lt -> Measure 4lt (conserve water)

3 Jugs Problem:
Configuration -> State -> [8, 0, 0] Index 0, 1, 2 -> 8,5,3 lt jugs resp.
Init_State = [8,0,0]
Goal_State = [4,1,3], [4,4,0], [4,2,2], [4,3,1], ...

Agent                           Environment/ Problem
Init_State
Push(Init_State, Frontier)
Node <- Pop(Frontier)
bool Is_Goal(Node.State)
                                List <- Get_Successor(State)
Pick one Node from List
Node.State in Visited?
Pick another Node from List
...
Node.State in Frontier?
Replace/ Keep Cond. Value
...
Frontier <- push(Node)
Pop Node from Frontier
bool Is_Goal(Succ)

(8,0,0)->(3,5,0)->(3,2,3)->
(6,2,0)->(6,0,2)->(1,5,2)->
(3,5,0)

[[3,5,0],1,[8,0,0]]
[[3,5,0],6,[1,5,2]]

Solution using : Breadth First Search

Node_under_cons         Frontier(FIFO)          Visited
[[8,0,0],0,{}]          [[8,0,0],0,{}]                  
                                                [[8,0,0],0,{}]              
                        [[3,5,0],1,[8,0,0]]
                        [[5,0,3],1,[8,0,0]]
[[3,5,0],1,[8,0,0]]                             [[8,0,0],0,{}]
                                                [[3,5,0],1,[8,0,0]] 
                        [[5,0,3],1,[8,0,0]]
                        [[0,5,3],2,[3,5,0]]
                        [[3,2,3],2,[3,5,0]]

[[5,0,3],1,[8,0,0]]                             [[8,0,0],0,{}]
                                                [[3,5,0],1,[8,0,0]]
                                                [[5,0,3],1,[8,0,0]]
                        [[0,5,3],2,[3,5,0]]
                        [[3,2,3],2,[3,5,0]]
                        [[5,3,0],2,[5,0,3]]

[[0,5,3],2,[3,5,0]]                             [[8,0,0],0,{}]
                                                [[3,5,0],1,[8,0,0]]
                                                [[5,0,3],1,[8,0,0]]
                                                [[0,5,3],2,[3,5,0]]
                        [[3,2,3],2,[3,5,0]]
                        [[5,3,0],2,[5,0,3]]

[[3,2,3],2,[3,5,0]]                             [[8,0,0],0,{}]
                                                [[3,5,0],1,[8,0,0]]
                                                [[5,0,3],1,[8,0,0]]
                                                [[0,5,3],2,[3,5,0]]
                                                [[3,2,3],2,[3,5,0]]
                        [[5,3,0],2,[5,0,3]]
                        [[6,2,0],3,[3,2,3]]

[[5,3,0],2,[5,0,3]]                             [[8,0,0],0,{}]
                                                [[3,5,0],1,[8,0,0]]
                                                [[5,0,3],1,[8,0,0]]
                                                [[0,5,3],2,[3,5,0]]
                                                [[3,2,3],2,[3,5,0]]
                                                [[5,3,0],2,[5,0,3]]
                        [[6,2,0],3,[3,2,3]]
                        [[2,3,3],3,[5,3,0]]

[[6,2,0],3,[3,2,3]]                             [[8,0,0],0,{}]
                                                [[3,5,0],1,[8,0,0]]
                                                [[5,0,3],1,[8,0,0]]
                                                [[0,5,3],2,[3,5,0]]
                                                [[3,2,3],2,[3,5,0]]
                                                [[5,3,0],2,[5,0,3]]
                                                [[6,2,0],3,[3,2,3]]
                        [[2,3,3],3,[5,3,0]]
                        [[6,0,2],4,[6,2,0]]
[[2,3,3],3,[5,3,0]]                             [[8,0,0],0,{}]
                                                [[3,5,0],1,[8,0,0]]
                                                [[5,0,3],1,[8,0,0]]
                                                [[0,5,3],2,[3,5,0]]
                                                [[3,2,3],2,[3,5,0]]
                                                [[5,3,0],2,[5,0,3]]
                                                [[6,2,0],3,[3,2,3]]
                                                [[2,3,3],3,[5,3,0]]
                        [[6,0,2],4,[6,2,0]]
                        [[2,5,1],4,[2,3,3]]

[[6,0,2],4,[6,2,0]]                             [[8,0,0],0,{}]
                                                [[3,5,0],1,[8,0,0]]
                                                [[5,0,3],1,[8,0,0]]
                                                [[0,5,3],2,[3,5,0]]
                                                [[3,2,3],2,[3,5,0]]
                                                [[5,3,0],2,[5,0,3]]
                                                [[6,2,0],3,[3,2,3]]
                                                [[2,3,3],3,[5,3,0]]
                                                [[6,0,2],4,[6,2,0]]
                        [[2,5,1],4,[2,3,3]]
                        [[1,5,2],5,[6,0,2]]

[[2,5,1],4,[2,3,3]]                             [[8,0,0],0,{}]
                                                [[3,5,0],1,[8,0,0]]
                                                [[5,0,3],1,[8,0,0]]
                                                [[0,5,3],2,[3,5,0]]
                                                [[3,2,3],2,[3,5,0]]
                                                [[5,3,0],2,[5,0,3]]
                                                [[6,2,0],3,[3,2,3]]
                                                [[2,3,3],3,[5,3,0]]
                                                [[6,0,2],4,[6,2,0]]
                                                [[2,5,1],4,[2,3,3]]
                        [[1,5,2],5,[6,0,2]]
                        [[7,0,1],5,[2,5,1]]

[[1,5,2],5,[6,0,2]]                             [[8,0,0],0,{}]
                                                [[3,5,0],1,[8,0,0]]
                                                [[5,0,3],1,[8,0,0]]
                                                [[0,5,3],2,[3,5,0]]
                                                [[3,2,3],2,[3,5,0]]
                                                [[5,3,0],2,[5,0,3]]
                                                [[6,2,0],3,[3,2,3]]
                                                [[2,3,3],3,[5,3,0]]
                                                [[6,0,2],4,[6,2,0]]
                                                [[2,5,1],4,[2,3,3]]
                                                [[1,5,2],5,[6,0,2]]
                        [[7,0,1],5,[2,5,1]]
                        [[1,4,3],6,[1,5,2]]


